0.42518	0.24332	0.06377	0.26773
0.42585	0.2431	0.063743	0.26731
0.42651	0.24286	0.063744	0.26689
0.42716	0.24262	0.063771	0.26645
0.42785	0.24238	0.063817	0.26595
0.42856	0.24216	0.063866	0.26541
0.42929	0.24194	0.063902	0.26487
0.42999	0.24172	0.063928	0.26436
0.43066	0.24148	0.063953	0.26391
0.43127	0.2412	0.063987	0.26354
0.43181	0.24089	0.064036	0.26326
0.4323	0.24057	0.064104	0.26303
0.43277	0.24023	0.06419	0.26281
0.43329	0.23989	0.064284	0.26254
0.4339	0.23954	0.064373	0.26218
0.4346	0.23918	0.064442	0.26178
0.43533	0.23881	0.064485	0.26138
0.43606	0.23843	0.064506	0.26101
0.43677	0.23805	0.064505	0.26068
0.43748	0.23769	0.064484	0.26035
0.43818	0.23736	0.064452	0.26001
0.43887	0.23706	0.064417	0.25965
0.4396	0.23675	0.06439	0.25926
0.44037	0.23644	0.064377	0.25882
0.44116	0.23613	0.064379	0.25833
0.44199	0.23584	0.06438	0.25779
0.44289	0.23553	0.064366	0.25721
0.44383	0.23521	0.064329	0.25663
0.44479	0.23489	0.064272	0.25605
0.44571	0.2346	0.064202	0.25549
0.4466	0.23433	0.064126	0.25494
0.44743	0.2341	0.064054	0.25442
0.44823	0.23388	0.063994	0.25389
0.44903	0.23368	0.063949	0.25334
0.44984	0.23349	0.063917	0.25275
0.45068	0.23331	0.063885	0.25212
0.45156	0.23314	0.063839	0.25146
0.45246	0.23295	0.063779	0.25081
0.45337	0.23275	0.063712	0.25016
0.45427	0.23256	0.063645	0.24953
0.45513	0.23238	0.063579	0.24892
0.45595	0.23221	0.063519	0.24832
0.45674	0.23206	0.06347	0.24773
0.45749	0.23191	0.063439	0.24716
0.45823	0.23177	0.063426	0.24657
0.45899	0.23164	0.063423	0.24595
0.45974	0.23154	0.063414	0.2453
0.46048	0.23146	0.063394	0.24467
0.46118	0.23138	0.063365	0.24408
0.46182	0.23131	0.063335	0.24354
0.46238	0.23125	0.063312	0.24306
0.46286	0.2312	0.063301	0.24263
0.46328	0.23118	0.063309	0.24223
0.46368	0.23116	0.063339	0.24182
0.4641	0.23115	0.063386	0.24137
0.46455	0.23114	0.063443	0.24087
0.46502	0.23113	0.063493	0.24036
0.46552	0.2311	0.063528	0.23985
0.46604	0.23105	0.063552	0.23936
0.46652	0.23099	0.063576	0.23891
0.46693	0.23094	0.063609	0.23852
0.46726	0.2309	0.063655	0.23818
0.46755	0.23088	0.063715	0.23786
0.46782	0.23087	0.063784	0.23752
0.4681	0.23089	0.063856	0.23715
0.46839	0.23092	0.063919	0.23677
0.46867	0.23096	0.063971	0.2364
0.46893	0.23097	0.064014	0.23608
0.46916	0.23096	0.064053	0.23583
0.46934	0.23094	0.064093	0.23563
0.46948	0.2309	0.064141	0.23548
0.4696	0.23085	0.0642	0.23535
0.46976	0.23076	0.064272	0.23521
0.46996	0.23066	0.064357	0.23502
0.47022	0.23055	0.06445	0.23478
0.4705	0.23045	0.064542	0.23451
0.47077	0.23036	0.064622	0.23425
0.471	0.23029	0.064693	0.23402
0.47116	0.23024	0.064764	0.23384
0.47125	0.23019	0.064848	0.23371
0.47128	0.23015	0.064951	0.23362
0.47129	0.23009	0.065076	0.23355
0.47131	0.23001	0.065217	0.23345
0.47137	0.22994	0.065367	0.23332
0.47146	0.22989	0.065512	0.23314
0.47158	0.22984	0.06564	0.23294
0.4717	0.22981	0.065752	0.23274
0.47181	0.22977	0.065853	0.23256
0.47193	0.22973	0.065939	0.23239
0.47208	0.22969	0.066012	0.23222
0.47223	0.22967	0.066075	0.23202
0.47239	0.22966	0.06614	0.23181
0.47255	0.22966	0.066216	0.23157
0.47271	0.22966	0.066312	0.23132
0.47288	0.22967	0.066425	0.23103
0.47306	0.22969	0.066548	0.2307
0.47325	0.22972	0.066667	0.23035
0.47347	0.22976	0.066771	0.23
0.4737	0.22979	0.06686	0.22965
0.47393	0.22981	0.066943	0.22932
0.47412	0.22982	0.067034	0.22902
0.47426	0.22983	0.067146	0.22877
0.47433	0.22984	0.067285	0.22855
0.47435	0.22986	0.067455	0.22834
0.47435	0.2299	0.067648	0.2281
0.47436	0.22996	0.067852	0.22783
0.47439	0.23001	0.068052	0.22754
0.4744	0.23007	0.068242	0.22729
0.47438	0.23011	0.068429	0.22708
0.4743	0.23015	0.06862	0.22693
0.47416	0.23019	0.068814	0.22683
0.47396	0.23025	0.069014	0.22678
0.47373	0.2303	0.069222	0.22675
0.47348	0.23035	0.069443	0.22673
0.47324	0.23041	0.069679	0.22667
0.473	0.23049	0.06992	0.22659
0.47274	0.23058	0.070151	0.22653
0.47248	0.23066	0.070361	0.22651
0.47221	0.2307	0.070557	0.22653
0.47195	0.23071	0.070747	0.2266
0.47168	0.23068	0.070937	0.2267
0.47143	0.23063	0.07113	0.22682
0.47118	0.23056	0.071329	0.22693
0.47095	0.23051	0.071537	0.22701
0.47074	0.23047	0.071751	0.22704
0.47057	0.23044	0.07196	0.22704
0.4704	0.23042	0.072153	0.22703
0.47021	0.23042	0.072329	0.22705
0.46997	0.23042	0.072493	0.22711
0.46969	0.23043	0.072653	0.22723
0.46937	0.23042	0.072814	0.2274
0.46904	0.23038	0.072981	0.22759
0.46872	0.23032	0.073156	0.2278
0.46843	0.23026	0.07334	0.22797
0.46819	0.2302	0.073529	0.22808
0.46797	0.23015	0.073712	0.22816
0.46775	0.23011	0.073879	0.22826
0.4675	0.23007	0.074035	0.22839
0.46722	0.23002	0.074186	0.22857
0.46694	0.22994	0.074338	0.22878
0.46667	0.22982	0.074495	0.22902
0.46642	0.22967	0.074656	0.22925
0.46622	0.22953	0.074817	0.22944
0.46606	0.22941	0.074971	0.22956
0.46594	0.22933	0.07511	0.22962
0.46583	0.22929	0.075231	0.22965
0.46573	0.22925	0.075333	0.22969
0.46565	0.2292	0.075416	0.22973
0.4656	0.22915	0.075481	0.22977
0.46559	0.22908	0.075532	0.2298
0.46563	0.22898	0.075573	0.22981
0.46571	0.22887	0.075612	0.22981
0.4658	0.22876	0.075653	0.22978
0.46591	0.22868	0.075693	0.22972
0.46603	0.22863	0.07572	0.22962
0.46618	0.22859	0.075727	0.22951
0.46634	0.22854	0.075717	0.2294
0.46652	0.22848	0.075691	0.22931
0.4667	0.22843	0.075651	0.22922
0.46688	0.22841	0.075598	0.22911
0.46704	0.22844	0.075535	0.22899
0.46721	0.22851	0.075467	0.22882
0.46739	0.22861	0.075397	0.2286
0.46761	0.22872	0.075331	0.22834
0.46786	0.22883	0.07527	0.22804
0.46811	0.22896	0.075209	0.22771
0.46838	0.22911	0.075143	0.22737
0.46865	0.22927	0.075067	0.22701
0.46893	0.22946	0.074976	0.22663
0.46923	0.22968	0.074868	0.22623
0.46953	0.22991	0.074751	0.22581
0.46984	0.23016	0.074635	0.22537
0.47014	0.2304	0.074527	0.22493
0.47044	0.23066	0.074433	0.22447
0.47073	0.23093	0.074352	0.22398
0.47103	0.23124	0.07428	0.22345
0.47134	0.23156	0.07421	0.22289
0.47168	0.23187	0.074133	0.22232
0.47204	0.23216	0.074046	0.22175
0.47243	0.23241	0.073958	0.2212
0.47281	0.23265	0.073883	0.22067
0.47318	0.23285	0.073828	0.22014
0.47356	0.23303	0.073795	0.21961
0.47398	0.23318	0.073779	0.21906
0.47442	0.23332	0.073775	0.21848
0.47489	0.23346	0.073771	0.21787
0.47537	0.23361	0.073761	0.21726
0.47584	0.23375	0.073746	0.21666
0.4763	0.23388	0.073733	0.21609
0.47674	0.23399	0.073729	0.21555
0.47715	0.23408	0.073736	0.21504
0.47755	0.23415	0.073754	0.21455
0.47797	0.23422	0.073777	0.21404
0.47842	0.23428	0.073801	0.21349
0.47892	0.23436	0.073821	0.2129
0.47949	0.23443	0.07383	0.21225
0.48011	0.2345	0.073824	0.21157
0.48073	0.23458	0.073803	0.21089
0.48132	0.2347	0.073775	0.21021
0.48188	0.23482	0.073745	0.20956
0.48243	0.23493	0.073714	0.20893
0.48297	0.235	0.073686	0.20834
0.48351	0.23506	0.073663	0.20777
0.48404	0.2351	0.07365	0.20721
0.48455	0.23516	0.073645	0.20665
0.48506	0.23524	0.073645	0.20605
0.48557	0.23534	0.073641	0.20546
0.48605	0.23544	0.07363	0.20488
0.48649	0.23553	0.073618	0.20436
0.48688	0.23562	0.073612	0.20389
0.48719	0.23572	0.073615	0.20348
0.48745	0.23582	0.073629	0.2031
0.48767	0.23592	0.073657	0.20275
0.4879	0.236	0.073696	0.2024
0.48816	0.23608	0.07374	0.20203
0.48842	0.23616	0.073783	0.20164
0.48867	0.23624	0.073822	0.20127
0.48891	0.23629	0.073865	0.20093
0.48911	0.23633	0.073913	0.20065
0.48926	0.23635	0.073968	0.20042
0.48939	0.23636	0.074025	0.20022
0.4895	0.23637	0.074083	0.20005
0.48962	0.23635	0.074146	0.19988
0.48976	0.23633	0.074214	0.19969
0.48992	0.23632	0.074284	0.19948
0.49009	0.23633	0.074345	0.19923
0.49025	0.23638	0.074387	0.19898
0.49038	0.23647	0.07441	0.19874
0.49044	0.23661	0.074426	0.19853
0.49045	0.23675	0.074443	0.19835
0.49047	0.23688	0.074462	0.19818
0.49051	0.23703	0.074478	0.19799
0.49055	0.23724	0.074486	0.19773
0.49058	0.23752	0.074489	0.1974
0.49059	0.23787	0.074485	0.19705
0.49057	0.23827	0.07447	0.19669
0.49053	0.23867	0.074446	0.19635
0.49047	0.23907	0.074418	0.19604
0.49039	0.23947	0.074386	0.19575
0.4903	0.23988	0.074353	0.19547
0.4902	0.24031	0.074316	0.19518
0.49009	0.24077	0.074278	0.19486
0.48998	0.24127	0.074237	0.19452
0.48987	0.24179	0.074196	0.19414
0.48978	0.24234	0.074157	0.19372
0.48971	0.24289	0.074119	0.19328
0.48966	0.24344	0.07408	0.19282
0.48964	0.24398	0.074039	0.19234
0.48965	0.24451	0.073991	0.19185
0.48969	0.24501	0.073936	0.19136
0.48974	0.24551	0.073875	0.19088
0.48978	0.24599	0.073817	0.19041
0.48982	0.24647	0.073766	0.18994
0.48986	0.24697	0.07372	0.18944
0.48991	0.2475	0.073674	0.18892
0.48996	0.24805	0.07362	0.18836
0.49003	0.2486	0.073556	0.18781
0.4901	0.24915	0.073485	0.18727
0.49015	0.2497	0.07341	0.18675
0.49017	0.25026	0.073331	0.18624
0.49019	0.25083	0.073251	0.18573
0.4902	0.25141	0.073175	0.18522
0.4902	0.25198	0.073106	0.18471
0.49022	0.25256	0.073043	0.18418
0.49025	0.25314	0.072984	0.18363
0.49028	0.25373	0.072925	0.18307
0.49031	0.25431	0.072861	0.18252
0.49032	0.25489	0.072794	0.18199
0.49033	0.25546	0.072728	0.18149
0.49032	0.25601	0.072664	0.18101
0.4903	0.25654	0.072603	0.18056
0.49028	0.25707	0.072545	0.18011
0.49025	0.2576	0.07249	0.17966
0.49023	0.25815	0.072441	0.17919
0.49021	0.2587	0.072396	0.17869
0.4902	0.25925	0.072353	0.1782
0.49019	0.2598	0.072306	0.1777
0.4902	0.26035	0.07225	0.17721
0.49021	0.26088	0.072185	0.17672
0.49024	0.2614	0.07212	0.17624
0.49027	0.2619	0.072059	0.17577
0.49033	0.26238	0.072005	0.17529
0.49038	0.26286	0.071962	0.1748
0.49042	0.26334	0.071929	0.17431
0.49048	0.26381	0.071907	0.1738
0.49054	0.2643	0.071891	0.17327
0.49061	0.26481	0.071871	0.17271
0.49069	0.26533	0.07184	0.17214
0.49077	0.26585	0.0718	0.17158
0.49085	0.26635	0.071761	0.17103
0.49091	0.26684	0.071728	0.17052
0.49095	0.26732	0.071708	0.17002
0.49094	0.2678	0.071702	0.16955
0.49089	0.26831	0.071711	0.16909
0.49081	0.26884	0.071733	0.16862
0.49072	0.26939	0.071761	0.16813
0.49063	0.26994	0.071789	0.16764
0.49054	0.27049	0.071815	0.16716
0.49042	0.27103	0.071844	0.16671
0.49027	0.27154	0.071879	0.16631
0.4901	0.27202	0.071921	0.16595
0.4899	0.27249	0.071971	0.16564
0.48968	0.27294	0.072027	0.16535
0.48945	0.2734	0.072089	0.16506
0.48922	0.27388	0.072155	0.16475
0.48899	0.27438	0.07222	0.16442
0.48876	0.27488	0.072279	0.16408
0.48853	0.27537	0.072331	0.16377
0.48827	0.27585	0.072378	0.1635
0.48799	0.27632	0.072424	0.16327
0.48765	0.2768	0.072475	0.16307
0.48727	0.27728	0.072536	0.16291
0.48686	0.27776	0.072614	0.16277
0.48645	0.27822	0.072706	0.16263
0.48607	0.27867	0.072805	0.16246
0.48571	0.27912	0.0729	0.16226
0.48536	0.27959	0.072989	0.16206
0.48497	0.28005	0.073079	0.1619
0.48454	0.2805	0.073181	0.16178
0.48409	0.2809	0.073293	0.16171
0.48364	0.28127	0.073412	0.16168
0.48318	0.28161	0.073534	0.16167
0.48275	0.28195	0.073655	0.16165
0.48234	0.28229	0.073771	0.1616
0.48195	0.28263	0.073878	0.16154
0.48159	0.28295	0.073976	0.16148
0.48124	0.28325	0.074067	0.16144
0.48086	0.28354	0.074153	0.16144
0.48047	0.28382	0.07423	0.16148
0.48009	0.28407	0.074296	0.16154
0.47973	0.2843	0.074353	0.16162
0.47937	0.28451	0.074409	0.16171
0.47902	0.28474	0.074464	0.16178
0.47867	0.28498	0.074516	0.16183
0.47832	0.28524	0.07456	0.16188
0.47796	0.2855	0.074593	0.16195
0.47759	0.28575	0.074615	0.16205
0.47722	0.28598	0.074628	0.16217
0.47686	0.28619	0.074635	0.16231
0.47652	0.28638	0.074635	0.16246
0.4762	0.28657	0.074629	0.1626
0.47591	0.28676	0.074619	0.16272
0.47563	0.28696	0.074607	0.1628
0.47538	0.28717	0.074592	0.16286
0.47515	0.28739	0.074576	0.16288
0.47494	0.28762	0.074557	0.16289
0.47474	0.28784	0.07453	0.16289
0.47456	0.28806	0.074497	0.16288
0.47438	0.28828	0.074458	0.16289
0.47419	0.28849	0.074416	0.1629
0.47399	0.28873	0.074372	0.1629
0.47378	0.28898	0.074329	0.16291
0.47358	0.28923	0.074287	0.1629
0.47338	0.28949	0.074248	0.16288
0.47321	0.28976	0.07421	0.16282
0.47305	0.29004	0.074174	0.16274
0.4729	0.29032	0.074135	0.16264
0.47275	0.29061	0.074091	0.16254
0.47259	0.29091	0.074046	0.16246
0.47241	0.2912	0.074002	0.16239
0.47221	0.29149	0.073962	0.16234
0.472	0.29177	0.073928	0.16231
0.47177	0.29204	0.0739	0.16228
0.47156	0.29232	0.073874	0.16225
0.47136	0.2926	0.073846	0.16219
0.47119	0.29288	0.073812	0.16212
0.47102	0.29316	0.073771	0.16205
0.47085	0.29344	0.073727	0.16198
0.47066	0.29371	0.073681	0.16195
0.47046	0.29397	0.073634	0.16193
0.47025	0.29423	0.073587	0.16194
0.47002	0.29448	0.073542	0.16196
0.4698	0.29473	0.073502	0.16197
0.46959	0.29499	0.073465	0.16196
0.4694	0.29525	0.073428	0.16193
0.46922	0.2955	0.073386	0.16189
0.46902	0.29576	0.07334	0.16188
0.46878	0.29603	0.073295	0.16189
0.4685	0.2963	0.073252	0.16195
0.46818	0.29658	0.073216	0.16202
0.46783	0.29686	0.073186	0.16212
0.46748	0.29714	0.073163	0.16221
0.46713	0.29742	0.073145	0.1623
0.4668	0.29771	0.073127	0.16236
0.46648	0.29802	0.073105	0.1624
0.46615	0.29835	0.073075	0.16243
0.46581	0.29869	0.073037	0.16246
0.46547	0.29903	0.072991	0.16251
0.46512	0.29935	0.072943	0.16258
0.46476	0.29966	0.0729	0.16268
0.46439	0.29995	0.072869	0.16279
0.46401	0.30024	0.072847	0.1629
0.46363	0.30054	0.072834	0.163
0.46324	0.30085	0.072829	0.16307
0.46287	0.30118	0.072824	0.16313
0.46251	0.3015	0.072816	0.16318
0.46214	0.30182	0.072806	0.16324
0.46175	0.30213	0.072797	0.16332
0.46135	0.30246	0.072789	0.16341
0.46093	0.30279	0.072781	0.1635
0.4605	0.30313	0.072774	0.1636
0.46006	0.30348	0.072769	0.16369
0.45962	0.30384	0.072764	0.16377
0.45921	0.30421	0.072757	0.16382
0.45882	0.30458	0.072748	0.16385
0.45845	0.30496	0.072738	0.16385
0.45808	0.30535	0.072723	0.16384
0.45771	0.30576	0.072702	0.16383
0.45734	0.30618	0.072673	0.16381
0.45697	0.30658	0.072642	0.16381
0.45659	0.30697	0.072613	0.16383
0.4562	0.30734	0.072592	0.16386
0.45582	0.30772	0.072574	0.16389
0.45545	0.30809	0.072559	0.1639
0.45512	0.30846	0.072545	0.16388
0.45481	0.30882	0.07253	0.16383
0.45452	0.30919	0.072511	0.16378
0.45423	0.30955	0.072487	0.16373
0.45393	0.30991	0.072461	0.1637
0.45362	0.31023	0.072441	0.1637
0.45329	0.31054	0.072432	0.16374
0.45293	0.31082	0.072433	0.16381
0.45257	0.31109	0.072444	0.16389
0.45222	0.31136	0.072463	0.16395
0.45187	0.31164	0.072486	0.164
0.45154	0.31192	0.072506	0.16403
0.45122	0.3122	0.072517	0.16406
0.45091	0.31247	0.07252	0.16411
0.45057	0.31273	0.072522	0.16418
0.4502	0.31299	0.072529	0.16428
0.44979	0.31326	0.072544	0.16441
0.44935	0.31353	0.072568	0.16455
0.4489	0.31381	0.072599	0.16469
0.44846	0.31409	0.072632	0.16482
0.44801	0.3144	0.072659	0.16493
0.44755	0.31473	0.072677	0.16504
0.44707	0.31509	0.072688	0.16516
0.44658	0.31544	0.072693	0.16529
0.44609	0.31578	0.072693	0.16543
0.44561	0.31611	0.072692	0.16558
0.44512	0.31644	0.07269	0.16575
0.44463	0.31678	0.072687	0.1659
0.44415	0.31713	0.072683	0.16604
0.4437	0.31748	0.072677	0.16614
0.4433	0.31782	0.072669	0.16621
0.44294	0.31814	0.072656	0.16626
0.44261	0.31844	0.072635	0.16631
0.44229	0.31873	0.072606	0.16637
0.44197	0.31901	0.072572	0.16644
0.44165	0.31928	0.072534	0.16653
0.44134	0.31954	0.07249	0.16663
0.44105	0.31979	0.072442	0.16672
0.44079	0.32004	0.07239	0.16678
0.44054	0.3203	0.072338	0.16683
0.4403	0.32056	0.072285	0.16686
0.44007	0.32083	0.072228	0.16688
0.43984	0.32109	0.072166	0.1669
0.43961	0.32135	0.072104	0.16694
0.43937	0.3216	0.072043	0.16699
0.43913	0.32184	0.071984	0.16704
0.4389	0.32208	0.071922	0.1671
0.43869	0.32232	0.071856	0.16714
0.43848	0.32257	0.071786	0.16716
0.43829	0.32283	0.071719	0.16716
0.43809	0.32312	0.071652	0.16714
0.43789	0.32341	0.071584	0.16712
0.4377	0.3237	0.071511	0.16709
0.43752	0.32398	0.071431	0.16706
0.43735	0.32425	0.071343	0.16705
0.43719	0.32451	0.071252	0.16704
0.43704	0.32475	0.071161	0.16705
0.43689	0.32496	0.071074	0.16708
0.43673	0.32517	0.070996	0.16711
0.43655	0.32538	0.070926	0.16714
0.43637	0.32563	0.070857	0.16715
0.43617	0.3259	0.070783	0.16715
0.43594	0.32618	0.070705	0.16717
0.43569	0.32645	0.070628	0.16722
0.43543	0.3267	0.070557	0.16732
0.43514	0.32692	0.070495	0.16745
0.43483	0.32712	0.070442	0.1676
0.43452	0.32732	0.070397	0.16776
0.43422	0.32752	0.070355	0.1679
0.43393	0.32773	0.070313	0.16802
0.43366	0.32796	0.070266	0.16811
0.43339	0.32821	0.070208	0.16819
0.43313	0.32847	0.070139	0.16827
0.43286	0.32873	0.070061	0.16835
0.43259	0.32899	0.069977	0.16844
0.43233	0.32923	0.069891	0.16855
0.43206	0.32945	0.069808	0.16868
0.43178	0.32967	0.069731	0.16882
0.43149	0.32989	0.069663	0.16895
0.43121	0.33012	0.069602	0.16907
0.43093	0.33036	0.069542	0.16917
0.43064	0.33061	0.069478	0.16928
0.43033	0.33086	0.069408	0.16939
0.43001	0.33112	0.069334	0.16953
0.42968	0.33138	0.069261	0.16968
0.42934	0.33162	0.069188	0.16985
0.429	0.33186	0.069118	0.17003
0.42867	0.3321	0.069049	0.17019
0.42834	0.33235	0.068979	0.17033
0.42803	0.33262	0.068907	0.17045
0.42771	0.33289	0.06883	0.17057
0.4274	0.33316	0.068748	0.17069
0.42711	0.33342	0.06866	0.17081
0.42683	0.33367	0.068568	0.17093
0.42654	0.33392	0.068473	0.17106
0.42625	0.33417	0.068382	0.1712
0.42594	0.33441	0.068301	0.17134
0.42563	0.33464	0.068233	0.1715
0.42531	0.33487	0.068176	0.17164
0.42501	0.33511	0.068124	0.17176
0.42471	0.33534	0.06807	0.17188
0.42441	0.33558	0.068011	0.17201
0.4241	0.33581	0.067948	0.17215
0.42377	0.33604	0.067883	0.17231
0.42343	0.33626	0.06782	0.17248
0.42307	0.33649	0.06776	0.17267
0.42271	0.33672	0.067704	0.17287
0.42235	0.33694	0.067651	0.17306
0.42201	0.33717	0.067599	0.17322
0.42167	0.33742	0.067549	0.17335
0.42135	0.33768	0.067499	0.17347
0.42104	0.33794	0.067448	0.17357
0.42074	0.3382	0.067391	0.17367
0.42044	0.33843	0.06733	0.17379
0.42014	0.33866	0.067271	0.17393
0.41983	0.33886	0.067215	0.1741
0.41951	0.33905	0.067166	0.17428
0.4192	0.33923	0.067119	0.17445
0.41891	0.33942	0.06707	0.1746
0.41864	0.33962	0.067014	0.17473
0.41838	0.33983	0.066949	0.17485
0.41811	0.34004	0.066877	0.17497
0.41785	0.34025	0.066796	0.1751
0.41762	0.34044	0.066705	0.17523
0.41741	0.34062	0.066607	0.17536
0.41721	0.3408	0.066504	0.17549
0.41701	0.34098	0.0664	0.17561
0.41683	0.34116	0.066294	0.17572
0.41667	0.34133	0.066184	0.17581
0.41653	0.34152	0.066069	0.17588
0.41641	0.34171	0.065948	0.17593
0.41629	0.34192	0.065821	0.17597
0.41615	0.34216	0.065688	0.176
0.416	0.34241	0.065552	0.17604
0.41584	0.34266	0.065412	0.17608
0.41568	0.34292	0.065266	0.17613
0.41552	0.34318	0.065116	0.17619
0.41535	0.34346	0.064963	0.17623
0.41518	0.34376	0.064814	0.17624
0.41501	0.34408	0.064673	0.17623
0.41484	0.34442	0.06454	0.1762
0.41466	0.34476	0.064411	0.17617
0.41447	0.3451	0.064279	0.17615
0.41428	0.34544	0.064143	0.17614
0.41408	0.34577	0.064004	0.17615
0.41389	0.34609	0.063865	0.17616
0.41369	0.34642	0.063727	0.17617
0.41349	0.34675	0.06359	0.17617
0.41331	0.34709	0.063453	0.17614
0.41315	0.34745	0.063314	0.17609
0.413	0.3478	0.063171	0.17603
0.41289	0.34813	0.063018	0.17597
0.41282	0.34842	0.062856	0.17591
0.41276	0.34869	0.062688	0.17586
0.4127	0.34895	0.062516	0.17582
0.41264	0.34922	0.06234	0.1758
0.41257	0.3495	0.06216	0.17577
0.41251	0.34979	0.061979	0.17572
0.41246	0.35009	0.061798	0.17565
0.41241	0.3504	0.061615	0.17557
0.41238	0.3507	0.061429	0.17549
0.41237	0.35099	0.06124	0.17541
0.41236	0.35126	0.061049	0.17532
0.41238	0.35153	0.060854	0.17524
0.4124	0.35178	0.060653	0.17517
0.41242	0.35204	0.060447	0.17509
0.41247	0.35229	0.060236	0.17501
0.41253	0.35255	0.060019	0.1749
0.41261	0.35282	0.059795	0.17477
0.41272	0.3531	0.059562	0.17462
0.41283	0.35339	0.059322	0.17446
0.41294	0.35369	0.059076	0.1743
0.41307	0.35398	0.058826	0.17412
0.41325	0.35426	0.058572	0.17392
0.41349	0.35453	0.058311	0.17366
0.41379	0.3548	0.058042	0.17337
0.41413	0.35507	0.057764	0.17303
0.41448	0.35536	0.05748	0.17268
0.41484	0.35567	0.057194	0.1723
0.41522	0.35598	0.056908	0.1719
0.41562	0.35629	0.05662	0.17147
0.41603	0.3566	0.05633	0.17104
0.41646	0.3569	0.056035	0.1706
0.41689	0.3572	0.055737	0.17017
0.41731	0.35751	0.055438	0.16974
0.41773	0.35783	0.05514	0.1693
0.41815	0.35816	0.054842	0.16885
0.41859	0.35849	0.054542	0.16838
0.41904	0.35884	0.054238	0.16788
0.41951	0.35919	0.053931	0.16736
0.42	0.35955	0.05362	0.16683
0.42049	0.35993	0.053306	0.16627
0.42098	0.36031	0.052989	0.16572
0.42146	0.3607	0.052672	0.16517
0.42193	0.36108	0.052355	0.16463
0.42239	0.36147	0.052044	0.1641
0.42282	0.36185	0.051739	0.16359
0.42325	0.36222	0.051443	0.16309
0.42368	0.36259	0.051154	0.16257
0.42412	0.36297	0.050868	0.16204
0.42459	0.36334	0.050581	0.16149
0.42507	0.36371	0.05029	0.16093
0.42557	0.36408	0.049991	0.16037
0.42609	0.36444	0.049682	0.15979
0.42664	0.3648	0.049363	0.1592
0.42722	0.36515	0.049036	0.15859
0.42781	0.36552	0.048706	0.15796
0.42843	0.36587	0.048376	0.15733
0.42907	0.36621	0.048051	0.15667
0.42972	0.36653	0.047737	0.15601
0.43038	0.36686	0.047438	0.15532
0.43104	0.36719	0.047153	0.15461
0.43171	0.36753	0.046876	0.15388
0.43239	0.36786	0.046599	0.15315
0.43305	0.36819	0.046323	0.15243
0.43369	0.36852	0.046051	0.15174
0.4343	0.36884	0.045788	0.15108
0.43488	0.36915	0.045537	0.15043
0.43545	0.36947	0.045297	0.14979
0.43602	0.36979	0.045063	0.14913
0.4366	0.3701	0.044832	0.14846
0.43723	0.37041	0.044597	0.14777
0.43789	0.37069	0.044356	0.14707
0.43858	0.37096	0.044108	0.14636
0.43927	0.37122	0.043856	0.14565
0.43996	0.37147	0.043604	0.14496
0.44066	0.37169	0.043354	0.14429
0.44138	0.3719	0.043107	0.14362
0.4421	0.3721	0.042861	0.14294
0.44284	0.3723	0.042615	0.14225
0.44357	0.37252	0.042367	0.14154
0.44432	0.37276	0.042118	0.14081
0.44506	0.373	0.041865	0.14007
0.4458	0.37324	0.041609	0.13935
0.44652	0.37348	0.041352	0.13864
0.44722	0.37372	0.041098	0.13796
0.44789	0.37395	0.040849	0.13731
0.44854	0.37419	0.040609	0.13667
0.44917	0.37441	0.040378	0.13603
0.44981	0.37465	0.040155	0.13539
0.45045	0.37488	0.039937	0.13473
0.45111	0.37514	0.03972	0.13403
0.45179	0.3754	0.039499	0.13332
0.45246	0.37566	0.039273	0.13261
0.45312	0.37591	0.039049	0.13192
0.45373	0.37616	0.038835	0.13128
0.45429	0.37641	0.038635	0.13066
0.45482	0.37665	0.038449	0.13008
0.45534	0.37689	0.038274	0.1295
0.45585	0.37713	0.038107	0.12891
0.45637	0.37738	0.037944	0.1283
0.45689	0.37765	0.03778	0.12768
0.45741	0.3779	0.037612	0.12708
0.45791	0.37815	0.037444	0.12649
0.45839	0.37838	0.037282	0.12594
0.45883	0.3786	0.037129	0.12544
0.45925	0.3788	0.036988	0.12496
0.45966	0.37897	0.036858	0.12451
0.46005	0.37915	0.036735	0.12407
0.46044	0.37934	0.036613	0.12361
0.46083	0.37954	0.036489	0.12314
0.46122	0.37976	0.03636	0.12267
0.46159	0.37997	0.036227	0.12221
0.46195	0.38019	0.036091	0.12177
0.46231	0.38039	0.035954	0.12135
0.46265	0.38059	0.03582	0.12094
0.463	0.38075	0.035689	0.12055
0.46337	0.3809	0.035558	0.12018
0.46376	0.38102	0.035425	0.11979
0.46418	0.38114	0.035288	0.11939
0.46461	0.38127	0.035146	0.11898
0.46503	0.38142	0.035	0.11855
0.46545	0.38157	0.034849	0.11813
0.46586	0.38171	0.034697	0.11773
0.46625	0.38185	0.034547	0.11735
0.46663	0.38196	0.034403	0.11701
0.46699	0.38205	0.034269	0.11668
0.46733	0.38214	0.034147	0.11638
0.46766	0.38222	0.034035	0.11608
0.468	0.3823	0.033928	0.11577
0.46837	0.38238	0.033821	0.11543
0.46876	0.38246	0.033707	0.11507
0.46916	0.38254	0.033591	0.1147
0.46956	0.38261	0.033477	0.11436
0.46994	0.38264	0.033371	0.11405
0.47032	0.38264	0.033273	0.11376
0.4707	0.38261	0.033182	0.11351
0.47106	0.38257	0.033096	0.11328
0.47141	0.38252	0.033014	0.11305
0.47176	0.38249	0.032938	0.11281
0.47213	0.38245	0.032866	0.11255
0.47251	0.38242	0.032796	0.11227
0.4729	0.38238	0.032724	0.112
0.47328	0.38234	0.032645	0.11173
0.47365	0.38229	0.032564	0.11149
0.47401	0.38223	0.032485	0.11128
0.47434	0.38216	0.032413	0.11108
0.47466	0.38209	0.032347	0.1109
0.47498	0.38202	0.032287	0.11072
0.4753	0.38196	0.032228	0.11051
0.47565	0.3819	0.032167	0.11028
0.47603	0.38183	0.032102	0.11003
0.47644	0.38175	0.032031	0.10978
0.47685	0.38167	0.031955	0.10952
0.47724	0.3816	0.031877	0.10929
0.4776	0.38154	0.031798	0.10906
0.47793	0.38151	0.031716	0.10884
0.47824	0.3815	0.03163	0.10863
0.47854	0.38151	0.031541	0.10841
0.47884	0.38154	0.031451	0.10817
0.47916	0.38158	0.03136	0.1079
0.47948	0.38163	0.03127	0.10762
0.4798	0.38169	0.031177	0.10734
0.48011	0.38175	0.031079	0.10707
0.4804	0.3818	0.03098	0.10682
0.48066	0.38185	0.030887	0.1066
0.48089	0.38189	0.030803	0.10641
0.48111	0.38192	0.030728	0.10624
0.48133	0.38195	0.030656	0.10607
0.48154	0.382	0.030583	0.10587
0.48177	0.38207	0.030504	0.10566
0.48202	0.38214	0.030417	0.10543
0.48228	0.3822	0.030323	0.1052
0.48255	0.38225	0.030222	0.10498
0.4828	0.3823	0.030119	0.10478
0.48304	0.38234	0.030018	0.10459
0.48327	0.38237	0.029925	0.10443
0.48349	0.38239	0.029843	0.10428
0.4837	0.38239	0.029772	0.10414
0.48391	0.3824	0.02971	0.10397
0.48414	0.38242	0.029654	0.10379
0.48436	0.38245	0.029598	0.10359
0.48458	0.38248	0.029538	0.1034
0.48478	0.38251	0.029474	0.10324
0.48496	0.38254	0.029409	0.10309
0.48512	0.38255	0.029345	0.10298
0.48527	0.38256	0.029286	0.10288
0.4854	0.38258	0.029233	0.10279
0.48552	0.38259	0.029189	0.1027
0.48567	0.3826	0.029152	0.10258
0.48585	0.38259	0.029118	0.10244
0.48608	0.38255	0.029084	0.10229
0.48632	0.38249	0.029044	0.10214
0.48656	0.38242	0.028998	0.10202
0.48678	0.38234	0.028951	0.10193
0.487	0.38224	0.028907	0.10186
0.48721	0.38212	0.028867	0.1018
0.48742	0.382	0.028831	0.10174
0.48764	0.38189	0.028797	0.10167
0.48786	0.38181	0.028761	0.10157
0.48809	0.38174	0.028721	0.10145
0.4883	0.3817	0.028673	0.10133
0.4885	0.38166	0.028619	0.10122
0.48868	0.38161	0.028562	0.10115
0.48884	0.38155	0.028507	0.1011
0.48898	0.38146	0.02846	0.1011
0.48911	0.38136	0.028423	0.10111
0.48922	0.38126	0.02839	0.10113
0.48932	0.38119	0.028355	0.10113
0.48941	0.38116	0.028317	0.10111
0.48947	0.38114	0.028278	0.10111
0.4895	0.38115	0.028238	0.10112
0.48949	0.38116	0.028198	0.10115
0.48947	0.38116	0.028156	0.10121
0.48945	0.38114	0.028112	0.1013
0.48943	0.38111	0.028066	0.1014
0.48943	0.38106	0.028019	0.10149
0.48945	0.38101	0.027969	0.10157
0.48948	0.38099	0.027915	0.10162
0.48951	0.38098	0.027857	0.10165
0.48956	0.38099	0.027796	0.10166
0.48961	0.381	0.027731	0.10166
0.48966	0.38101	0.027662	0.10167
0.4897	0.38102	0.027588	0.10169
0.48974	0.38102	0.027511	0.10173
0.48977	0.38101	0.027433	0.10179
0.4898	0.38098	0.027357	0.10186
0.48984	0.38094	0.027285	0.10193
0.48991	0.38089	0.027218	0.10198
0.48999	0.38085	0.027156	0.102
0.49007	0.38082	0.027097	0.10201
0.49015	0.38081	0.027037	0.102
0.4902	0.38081	0.02697	0.10202
0.49025	0.3808	0.026897	0.10205
0.4903	0.38077	0.026821	0.1021
0.49036	0.38072	0.026744	0.10217
0.49041	0.38066	0.02667	0.10226
0.49047	0.3806	0.0266	0.10234
0.49053	0.38054	0.026531	0.1024
0.49061	0.38049	0.026463	0.10244
0.49069	0.38046	0.026391	0.10246
0.49077	0.38044	0.026314	0.10247
0.49083	0.38043	0.026232	0.1025
0.49089	0.38042	0.026149	0.10255
0.49094	0.38038	0.026067	0.10262
0.49098	0.38032	0.025988	0.10271
0.49102	0.38025	0.025914	0.10282
0.49105	0.38018	0.025843	0.10293
0.49108	0.38012	0.025773	0.10303
0.49113	0.38007	0.025698	0.1031
0.4912	0.38003	0.025617	0.10316
0.49128	0.37999	0.025528	0.10321
0.49137	0.37993	0.025433	0.10327
0.49147	0.37986	0.025335	0.10334
0.49157	0.37977	0.025236	0.10343
0.49166	0.37967	0.025141	0.10353
0.49175	0.37956	0.025052	0.10364
0.49185	0.37944	0.024967	0.10374
0.49198	0.37931	0.024883	0.10382
0.49212	0.3792	0.024797	0.10388
0.49229	0.37908	0.024711	0.10392
0.49249	0.37895	0.024625	0.10393
0.4927	0.37881	0.024544	0.10394
0.49293	0.37867	0.024462	0.10394
0.49315	0.37853	0.02438	0.10394
0.49337	0.37837	0.024303	0.10395
0.49359	0.3782	0.02424	0.10398
0.4938	0.37802	0.024191	0.104
0.49401	0.37783	0.024154	0.104
0.49424	0.37766	0.024124	0.10398
0.49447	0.37749	0.024098	0.10393
0.49471	0.37734	0.02407	0.10388
0.49495	0.37719	0.024035	0.10383
0.49517	0.37706	0.023994	0.10378
0.49538	0.37694	0.023948	0.10373
0.49557	0.37684	0.023901	0.10368
0.49576	0.37677	0.023853	0.10362
0.49595	0.3767	0.023805	0.10355
0.49618	0.37662	0.02376	0.10344
0.49643	0.37654	0.023721	0.10331
0.49669	0.37648	0.023688	0.10314
0.49696	0.37644	0.023658	0.10294
0.49726	0.3764	0.023627	0.10272
0.49757	0.37636	0.023589	0.10249
0.49789	0.37631	0.023546	0.10226
0.49822	0.37624	0.023498	0.10204
0.49855	0.37616	0.023452	0.10184
0.49886	0.37609	0.02341	0.10164
0.49918	0.37602	0.023374	0.10143
0.4995	0.37596	0.023342	0.1012
0.49985	0.37589	0.023312	0.10094
0.50023	0.37583	0.023279	0.10066
0.50062	0.37576	0.023239	0.10039
0.501	0.37568	0.023196	0.10012
0.50137	0.3756	0.023153	0.099874
0.50174	0.37551	0.023117	0.099637
0.5021	0.37541	0.023089	0.099408
0.50245	0.37531	0.023067	0.099176
0.50281	0.37522	0.023047	0.098923
0.50318	0.37515	0.023024	0.098645
0.50356	0.37509	0.022993	0.098349
0.50396	0.37504	0.022955	0.098044
0.50435	0.375	0.022913	0.09774
0.50474	0.37494	0.022868	0.097445
0.50513	0.37488	0.022824	0.097165
0.5055	0.37482	0.022781	0.096902
0.50585	0.37476	0.022742	0.096654
0.50618	0.3747	0.022708	0.096411
0.50651	0.37465	0.022678	0.096157
0.50684	0.37463	0.022651	0.09588
0.50718	0.37461	0.022623	0.095584
0.50751	0.37461	0.02259	0.095282
0.50784	0.37463	0.022551	0.094986
0.50815	0.37464	0.022509	0.094706
0.50844	0.37464	0.022469	0.09445
0.50871	0.37464	0.022434	0.094217
0.50897	0.37463	0.022402	0.093995
0.50925	0.37461	0.022371	0.093768
0.50954	0.3746	0.022338	0.09352
0.50985	0.3746	0.022302	0.093245
0.51019	0.3746	0.022262	0.092948
0.51054	0.3746	0.022215	0.092644
0.51091	0.37459	0.022159	0.092343
0.51127	0.37457	0.022096	0.092057
0.51162	0.37455	0.022029	0.091793
0.51196	0.37453	0.021961	0.091553
0.51227	0.3745	0.021894	0.091331
0.51258	0.37448	0.021829	0.091114
0.51288	0.37448	0.021763	0.090879
0.51319	0.3745	0.021696	0.09062
0.51349	0.37454	0.021624	0.090348
0.51378	0.3746	0.021545	0.09008
0.51405	0.37467	0.02146	0.089825
0.51431	0.37474	0.02137	0.089587
0.51455	0.3748	0.021277	0.08937
0.51478	0.37487	0.021184	0.089172
0.51498	0.37494	0.021093	0.088985
0.51517	0.37502	0.021006	0.088798
0.51536	0.37513	0.020922	0.088595
0.51554	0.37526	0.020837	0.088365
0.51573	0.3754	0.020749	0.088115
0.51592	0.37556	0.020655	0.087864
0.51609	0.37572	0.020556	0.08763
0.51623	0.37588	0.02046	0.087424
0.51633	0.37605	0.020368	0.087251
0.5164	0.37621	0.020281	0.087107
0.51647	0.37636	0.020196	0.086978
0.51655	0.37649	0.020111	0.086844
0.51667	0.37662	0.020027	0.086684
0.51681	0.37675	0.019945	0.086495
0.51697	0.37688	0.019862	0.086294
0.51712	0.377	0.019774	0.086101
0.51726	0.37713	0.019682	0.085932
0.51737	0.37725	0.019589	0.085791
0.51746	0.37736	0.019499	0.085675
0.51753	0.37748	0.019414	0.085577
0.51757	0.37761	0.019337	0.085488
0.51759	0.37774	0.019268	0.085395
0.51762	0.37789	0.019206	0.085285
0.51766	0.37805	0.019145	0.085146
0.51769	0.37824	0.01908	0.084987
0.51772	0.37845	0.01901	0.084826
0.51772	0.37866	0.018938	0.08468
0.5177	0.37888	0.018866	0.084558
0.51765	0.37909	0.018796	0.084462
0.51758	0.3793	0.01873	0.084387
0.51751	0.3795	0.01867	0.084325
0.51742	0.37971	0.018618	0.084258
0.51732	0.37993	0.018574	0.084168
0.51724	0.38018	0.018535	0.084046
0.51718	0.38042	0.018496	0.083905
0.51713	0.38065	0.018453	0.083764
0.51707	0.38088	0.018403	0.08364
0.51701	0.38111	0.018348	0.083538
0.51693	0.38132	0.018293	0.083456
0.51685	0.38153	0.01824	0.083384
0.51675	0.38175	0.018192	0.083308
0.51665	0.38199	0.018149	0.083211
0.51653	0.38228	0.018111	0.08308
0.5164	0.38261	0.01808	0.082913
0.51627	0.38296	0.018054	0.082719
0.51614	0.38332	0.018026	0.082514
0.516	0.3837	0.017992	0.082309
0.51584	0.3841	0.017954	0.08211
0.51564	0.38452	0.017916	0.081921
0.51541	0.38496	0.017883	0.08174
0.51515	0.38543	0.017855	0.081563
0.51487	0.38592	0.017832	0.081381
0.51458	0.38643	0.017813	0.081179
0.5143	0.38695	0.017797	0.080949
0.51404	0.38748	0.017779	0.080694
0.5138	0.38801	0.017756	0.080427
0.51358	0.38854	0.017726	0.080158
0.51336	0.38906	0.01769	0.079893
0.51312	0.38958	0.017657	0.079642
0.51287	0.39009	0.017633	0.079407
0.5126	0.3906	0.017621	0.079183
0.51233	0.39109	0.017617	0.078959
0.51209	0.39158	0.017618	0.078719
0.51186	0.39207	0.017617	0.078451
0.51166	0.39257	0.017611	0.078155
0.51147	0.39309	0.017597	0.077847
0.51128	0.3936	0.017576	0.077544
0.51108	0.39411	0.017551	0.077261
0.51086	0.39461	0.017528	0.077007
0.51063	0.39508	0.01751	0.076786
0.51038	0.39553	0.017501	0.076589
0.51013	0.39597	0.017503	0.076399
0.50988	0.39641	0.017513	0.076193
0.50965	0.39686	0.017524	0.075958
0.50946	0.39731	0.01753	0.075703
0.50929	0.39774	0.017528	0.075443
0.50915	0.39814	0.017521	0.07519
0.50899	0.39854	0.017512	0.074955
0.50882	0.39894	0.017505	0.074742
0.50863	0.39932	0.017502	0.074551
0.50844	0.39969	0.017505	0.07437
0.50825	0.40006	0.017511	0.074184
0.50807	0.40044	0.017518	0.073975
0.5079	0.40084	0.01752	0.073746
0.50775	0.40123	0.017513	0.073511
0.50762	0.40161	0.017494	0.073277
0.50751	0.40198	0.017465	0.073046
0.50741	0.40234	0.017427	0.072817
0.50731	0.40271	0.017384	0.072591
0.50721	0.40308	0.01734	0.072367
0.5071	0.40346	0.017299	0.072141
0.507	0.40384	0.017262	0.071903
0.50689	0.40424	0.017229	0.07164
0.50679	0.40467	0.017197	0.071347
0.50668	0.40512	0.01716	0.071038
0.50658	0.40558	0.017113	0.070731
0.50648	0.40603	0.017058	0.070438
0.50637	0.40647	0.016997	0.070164
0.50626	0.4069	0.016931	0.069906
0.50615	0.40734	0.016862	0.069653
0.50602	0.4078	0.016791	0.06939
0.5059	0.40828	0.016721	0.069102
0.50577	0.40879	0.016656	0.068781
0.50565	0.40933	0.016591	0.068434
0.50552	0.40988	0.016522	0.068079
0.5054	0.41043	0.016443	0.06773
0.50528	0.41097	0.016358	0.067386
0.50519	0.4115	0.016268	0.067042
0.50511	0.41202	0.016177	0.066695
0.50503	0.41254	0.016088	0.066346
0.50496	0.41305	0.016	0.065988
0.5049	0.41358	0.015913	0.065614
0.50484	0.41412	0.015826	0.065213
0.50479	0.41469	0.015737	0.06478
0.50475	0.41528	0.015643	0.064327
0.50473	0.41586	0.01554	0.06387
0.50471	0.41644	0.015429	0.063418
0.50469	0.41702	0.01531	0.062975
0.50467	0.41761	0.015186	0.062541
0.50463	0.41819	0.015061	0.062115
0.5046	0.41877	0.014938	0.06169
0.50458	0.41935	0.014821	0.061257
0.50456	0.41992	0.014714	0.060802
0.50456	0.4205	0.014617	0.060317
0.50458	0.42109	0.014526	0.059803
0.50461	0.42168	0.014433	0.059276
0.50466	0.42225	0.014334	0.058754
0.5047	0.42281	0.014232	0.05825
0.50473	0.42336	0.014134	0.057773
0.50474	0.42389	0.014046	0.057325
0.50471	0.42442	0.013968	0.056898
0.50466	0.42495	0.013903	0.056481
0.5046	0.42549	0.01385	0.056055
0.50455	0.42604	0.013805	0.055604
0.50451	0.4266	0.01376	0.055125
0.5045	0.42716	0.013708	0.054634
0.50452	0.42768	0.01365	0.05415
0.50454	0.42818	0.01359	0.053689
0.50455	0.42865	0.013535	0.053263
0.50454	0.42909	0.013492	0.052877
0.50452	0.42949	0.013462	0.052522
0.50451	0.42987	0.013444	0.052182
0.5045	0.43023	0.013432	0.051833
0.50451	0.43061	0.013425	0.051457
0.50452	0.431	0.013418	0.051056
0.50453	0.43142	0.013407	0.050651
0.50452	0.43183	0.013394	0.050263
0.50449	0.43221	0.013385	0.049907
0.50446	0.43257	0.013386	0.049583
0.50441	0.43291	0.013399	0.049285
0.50433	0.43325	0.013423	0.049
0.50422	0.43361	0.013454	0.048713
0.50411	0.434	0.013491	0.048406
0.50402	0.43439	0.013529	0.048067
0.50396	0.43478	0.013562	0.047696
0.50394	0.43517	0.013585	0.047309
0.50392	0.43556	0.013598	0.046923
0.50389	0.43595	0.013605	0.046554
0.50385	0.43632	0.013614	0.046213
0.50381	0.43665	0.013632	0.045909
0.50374	0.43695	0.013663	0.045642
0.50364	0.43725	0.013707	0.045402
0.50351	0.43756	0.013762	0.045168
0.50338	0.43788	0.013826	0.044916
0.50325	0.43822	0.013891	0.044639
0.50312	0.43857	0.013952	0.044356
0.50298	0.43893	0.014005	0.044093
0.5028	0.43928	0.014052	0.043869
0.50257	0.43964	0.014102	0.043695
0.50229	0.43998	0.014159	0.04357
0.50198	0.44031	0.014222	0.043483
0.50167	0.44063	0.014287	0.04341
0.50137	0.44096	0.014351	0.043323
0.50108	0.4413	0.014415	0.043203
0.5008	0.44167	0.01448	0.043056
0.50051	0.44205	0.014544	0.042901
0.50021	0.44243	0.014605	0.042756
0.49988	0.44281	0.014661	0.042645
0.49952	0.44318	0.014722	0.042583
0.49913	0.44351	0.014795	0.042572
0.49871	0.4438	0.014883	0.042598
0.49829	0.44409	0.014982	0.042636
0.49786	0.4444	0.015089	0.042655
0.49743	0.44474	0.015199	0.042637
0.497	0.4451	0.015309	0.042594
0.49656	0.44548	0.015415	0.042553
0.4961	0.44585	0.015512	0.042535
0.49561	0.44622	0.015606	0.042559
0.49508	0.44658	0.015707	0.042632
0.49451	0.44691	0.015825	0.042752
0.49391	0.44721	0.015968	0.042905
0.4933	0.4475	0.016137	0.043067
0.49267	0.4478	0.016324	0.043208
0.49203	0.44814	0.016518	0.043315
0.49138	0.44851	0.016708	0.043402
0.4907	0.44891	0.01689	0.043498
0.48999	0.44932	0.01707	0.043621
0.48926	0.4497	0.017255	0.043782
0.48851	0.45005	0.017453	0.043984
0.48773	0.45038	0.017667	0.044222
0.48692	0.4507	0.017897	0.044481
0.4861	0.45102	0.018141	0.044741
0.48529	0.45134	0.018392	0.044977
0.4845	0.45168	0.01864	0.045178
0.48374	0.45202	0.018879	0.045361
0.48298	0.45236	0.019109	0.045553
0.48221	0.45268	0.019333	0.045771
0.48143	0.45299	0.019555	0.046021
0.48064	0.45328	0.019776	0.046303
0.47985	0.45354	0.020001	0.046612
0.47905	0.45378	0.020234	0.046934
0.47826	0.45402	0.020473	0.047249
0.47749	0.45426	0.020716	0.047533
0.47676	0.4545	0.020959	0.047781
0.47604	0.45475	0.021194	0.048009
0.47535	0.45499	0.021418	0.04824
0.47466	0.45523	0.021632	0.048484
0.47397	0.45545	0.021839	0.048741
0.47331	0.45566	0.022036	0.049
0.47269	0.45585	0.022223	0.049239
0.47213	0.45603	0.0224	0.049444
0.47161	0.45619	0.022576	0.049618
0.47115	0.45633	0.02276	0.049767
0.47076	0.4564	0.022957	0.049888
0.47046	0.45641	0.023166	0.049967
0.47023	0.4564	0.02338	0.049998
0.47004	0.45637	0.023588	0.050001
0.46987	0.45634	0.023786	0.050006
0.46968	0.45631	0.023982	0.050033
0.46946	0.45627	0.024183	0.05009
0.46922	0.45621	0.024396	0.050174
0.46896	0.45614	0.024625	0.050274
0.4687	0.45605	0.024871	0.050371
0.46847	0.45595	0.025132	0.050443
0.46828	0.45584	0.025397	0.050483
0.4681	0.45573	0.025657	0.050512
0.46793	0.4556	0.025912	0.050556
0.46775	0.45545	0.026166	0.050629
0.46758	0.45527	0.026422	0.050733
0.46742	0.45504	0.02668	0.050862
0.46728	0.45478	0.026938	0.051002
0.46717	0.45449	0.027196	0.051139
0.46708	0.45421	0.027452	0.051252
0.46702	0.45394	0.027704	0.051328
0.467	0.45368	0.027948	0.05138
0.46698	0.45341	0.028178	0.051433
0.46695	0.45314	0.028398	0.05151
0.46689	0.45287	0.028612	0.051623
0.46681	0.45259	0.028827	0.051775
0.4667	0.45229	0.029047	0.051957
0.4666	0.45198	0.029271	0.052154
0.46651	0.45165	0.029496	0.052339
0.46647	0.45132	0.029717	0.052491
0.46646	0.451	0.029932	0.05261
0.46646	0.45069	0.030139	0.052718
0.46646	0.45038	0.030332	0.052835
0.46646	0.45006	0.030512	0.05297
0.46645	0.44974	0.030682	0.05313
0.46642	0.44942	0.030848	0.053315
0.46637	0.4491	0.031014	0.05352
0.46629	0.44878	0.031186	0.053739
0.4662	0.44847	0.031367	0.053961
0.46609	0.44819	0.031556	0.054168
0.46597	0.44793	0.031753	0.054344
0.46586	0.4477	0.031952	0.054489
0.46574	0.44749	0.03215	0.054623
0.4656	0.44729	0.03234	0.054767
0.46546	0.44708	0.032521	0.054937
0.46529	0.44686	0.032702	0.055144
0.46509	0.44662	0.032893	0.055393
0.46487	0.44636	0.033101	0.055678
0.46464	0.44606	0.033325	0.055978
0.46443	0.44574	0.03356	0.056267
0.46426	0.44541	0.033798	0.056524
0.46412	0.44509	0.034032	0.056765
0.46397	0.44476	0.034258	0.057019
0.46381	0.4444	0.03448	0.057309
0.46363	0.44403	0.034702	0.057641
0.46342	0.44364	0.034926	0.058011
0.4632	0.44324	0.035153	0.058408
0.46297	0.44283	0.035382	0.058816
0.46273	0.44243	0.035615	0.059219
0.46251	0.44204	0.035852	0.059596
0.46229	0.44168	0.036089	0.05994
0.46209	0.44132	0.036317	0.060272
0.46189	0.44095	0.036535	0.060625
0.46169	0.44056	0.036742	0.06101
0.46152	0.44012	0.036938	0.061424
0.46137	0.43965	0.037123	0.06185
0.46125	0.43918	0.037301	0.062272
0.46113	0.43871	0.037478	0.062676
0.46104	0.43825	0.03766	0.063049
0.46098	0.43779	0.03785	0.063381
0.46093	0.43735	0.038047	0.063672
0.46089	0.43693	0.038245	0.063937
0.46086	0.43651	0.038437	0.064194
0.46083	0.43609	0.038618	0.064456
0.4608	0.43567	0.038792	0.064732
0.46076	0.43525	0.038962	0.065024
0.46072	0.43482	0.039133	0.065327
0.46068	0.43439	0.039305	0.065627
0.46064	0.43396	0.039482	0.065913
0.46063	0.43353	0.039664	0.066171
0.46064	0.43311	0.039855	0.066394
0.46068	0.43269	0.04005	0.066582
0.46074	0.43227	0.040238	0.066754
0.4608	0.43184	0.040417	0.066935
0.46087	0.43141	0.040589	0.067137
0.46093	0.43095	0.040757	0.06736
0.461	0.43047	0.040927	0.067601
0.46108	0.42996	0.041103	0.067853
0.46116	0.42945	0.041289	0.068104
0.46124	0.42894	0.041485	0.068331
0.46133	0.42845	0.041687	0.068524
0.46143	0.42799	0.041885	0.068695
0.46152	0.42754	0.042073	0.068867
0.4616	0.4271	0.042253	0.069049
0.46166	0.42667	0.042425	0.069244
